5.589795636923056144e-02
9.855905815910142032e-01
1.041123203645291539e+00
8.989005792110091875e-01
7.959242091662923624e-01
5.984361475861044166e-01
-7.328665279505102159e-01
-7.209229417114222382e-01
1.018492075607630998e+00
1.006587996298110355e+00
6.395221888769337948e-01
3.037533259027229704e-01
9.835213050698401460e-01
-2.265775437949116844e-01
1.058603765742123226e-01
-3.345812875767317784e-02
9.074403325368087803e-01
5.876903169287108764e-01
-1.439822207988479263e-01
9.499613837932527893e-01
2.733134905543670445e-01
-3.456995850097380751e-01
-9.642338127337258813e-01
-2.642070479089507762e-01
1.069266734222482196e+00
6.731253163308952292e-01
-5.272487866050856731e-01
8.606377063918275727e-01
6.067948537981544543e-01
-5.814287973820770894e-01
9.194483731595877174e-01
4.769891992597832253e-01
1.086214855582424921e+00
7.326050142808857579e-01
8.597006090089518437e-01
7.354841027487868388e-01
3.201876743409051151e-01
-3.617988442622922518e-01
1.323695597445775363e-01
5.467722910475201203e-01
1.051217219207317921e+00
1.483087547919010873e-01
3.736205626504940369e-01
4.023757695609391227e-01
2.098682670144369489e-01
4.595136771073260462e-03
6.761917942524915404e-01
2.292816487213840126e-01
-6.783078440529139996e-01
-4.102367048806307981e-01
6.405927811866736210e-01
1.300037118743528897e-01
-6.935318327986281783e-01
-3.696996018643603499e-01
6.580070138883231667e-01
6.436221178462091519e-01
7.933578424518490380e-01
-7.348803485224368881e-01
1.017818938651958049e+00
1.108645798408812500e+00
4.468161301185391565e-01
3.964861831292056937e-01
7.792944137994728404e-01
4.811214241050678631e-01
-8.115394450300732476e-01
-3.951907984148906872e-01
7.374971269333192581e-01
8.760494590525902403e-01
4.278040477407174524e-01
9.549925495888422766e-02
9.388071716421488855e-01
1.009189301783296244e+00
-7.075626844568670970e-01
1.021428530227939557e+00
4.400593559887568951e-01
-3.703099578616786403e-01
4.207168837475401268e-01
4.076405222129759753e-01
-6.754632453511684176e-01
-1.951584070263944204e-01
-5.843444295067643512e-01
4.933476374541683196e-01
-1.972047797329453678e-01
2.564258369302643281e-01
1.114537443167473718e-02
5.454887702807753591e-01
2.150707867749572788e-01
-4.797011913456998844e-01
8.616325855205622108e-01
-2.217929554819544347e-01
-3.404636830566452055e-01
1.082458593790885715e+00
-4.727738267785588366e-01
8.568791074544213071e-01
1.175939489822472872e-01
-4.053403745198773667e-01
-1.007054286779370145e+00
7.001643437133644454e-01
7.171900579674090892e-01
1.106541349537293328e+00
2.395048745201695528e-01
-2.427709993801291377e-01
1.106748949447859953e-01
8.440176146273739022e-01
7.157123529789841676e-01
3.617951736598137291e-01
1.028976853709887340e+00
6.904968436573000190e-01
-4.124709995337353385e-01
8.355568837964884032e-01
2.725637331545998077e-01
7.675144727548890433e-01
-1.557044472466430074e-01
3.074899455940698356e-01
-8.264836616168326211e-01
4.970994992508568355e-01
1.666373051155947138e-01
-4.291295359456623881e-01
6.803630187926017481e-01
-8.814397012633912176e-01
6.205404704718879838e-01
5.768231769821399180e-01
9.174403626079634666e-01
9.436105985567762033e-01
-3.386503440334592829e-01
6.894134799891156185e-01
-1.839542726955292196e-01
-7.020495988197923420e-01
1.951995963744646012e-01
9.543080669338261934e-01
9.270291560135814901e-01
1.085963279659793113e+00
9.476763478233989346e-01
-2.767865489366838627e-01
7.364270843698728086e-03
-8.548935829821087129e-01
-9.822178054130445979e-01
6.559157868488048049e-01
2.394708596542698409e-01
-9.079538286863285679e-01
-6.254165068866541777e-01
-8.037094284875569983e-01
6.632428512574550794e-01
-6.792351763254385055e-01
8.379696464438775028e-01
1.008934760098042727e+00
3.585424498655165326e-01
-7.106561598340043195e-01
-4.337552935852532210e-01
-1.006462633656735939e+00
8.344017270830561550e-02
2.681030506660606605e-01
3.200686384557853703e-01
1.776936201064005516e-02
6.507218321985195342e-01
2.014694773876852807e-01
-8.247794249811041256e-01
1.100464437271812201e+00
1.245547596040936789e-01
6.447331240710607592e-01
-6.763942858133473734e-01
-7.745541780016438338e-01
3.916451691602498286e-01
1.096641763942373338e+00
8.594430918206783510e-01
7.375998331805391217e-01
9.180221686693679217e-01
6.677810884427597404e-01
9.981923375644807805e-01
7.781586657358445791e-01
4.774760065890832905e-01
3.082619328778251067e-01
1.017171627886512386e+00
5.718696622619288128e-01
8.695979180794095598e-01
1.638526211484458983e-01
-3.754077798072604777e-01
3.799984110721503772e-01
5.705772766604271240e-01
8.130570449474781025e-01
-7.323086739568206438e-01
8.981512639624513739e-01
9.370454521001592152e-01
-8.107366113142282504e-01
-6.558327096710825366e-01
-1.537019471131100268e-01
4.332768463549150351e-01
-4.283763734767986886e-01
-3.992328485886564859e-02
5.119469257772750748e-01
-7.596773875958640065e-01
4.079734372450172231e-01
-1.570204483127308759e-01
1.948919235189245924e-01
-4.902734168934695935e-01
-6.015669084367589736e-01
9.181432137664502502e-01
3.606709846496143346e-01
-7.802510187969213806e-02
3.242154044700185089e-02
-9.031968991753813736e-02
6.931426077295257393e-01
6.835649831232297746e-01
9.306516396296329319e-01
8.636146114414902097e-01
6.805202966405210496e-02
1.446565973752711454e-01
8.080340695442036481e-01
9.484550368426083455e-01
4.450480714629045931e-01
7.884356206570795056e-01
-4.672806643414871841e-01
1.264105261065224806e-01
5.563283208904579169e-01
-9.306906313264975417e-01
7.445391597414388052e-01
-6.943385573127709431e-01
-1.703062225073621594e-01
6.752169267934668984e-01
-4.395794207381543695e-01
-6.322184118331108937e-02
9.293159234985099992e-01
5.513743726300783798e-01
1.065712996064156926e+00
1.321906669902639386e-01
-4.030024752969392221e-01
9.902954460169204332e-01
-5.614176898906027002e-01
-1.009942121708136353e+00
-7.422509849408100990e-01
-2.979601040622209540e-01
1.057141541182526456e+00
-3.885169091125255658e-01
3.326026188212751755e-01
4.215238245027441710e-01
4.502594255365188758e-01
3.349805887202961241e-01
-1.003176425635266433e+00
-9.891364993294957664e-01
2.348219927309580513e-02
1.235168941643742802e-01
2.071299063691902642e-01
9.690639911702978448e-01
9.503912902626736603e-01
8.017397725161863331e-01
1.170904083052741740e-01
5.397160357875379066e-01
1.684251712179911653e-01
6.953581960211985269e-01
7.716828141403644370e-01
-9.280476802983720352e-01
-7.924274957509140904e-01
9.363281051810878886e-01
-4.831301800381962996e-01
-3.075078946492407761e-01
-8.568303997668766936e-01
1.069489544411089454e+00
1.004196965174142253e+00
5.101567285762624859e-01
3.220060211787725279e-01
-2.542539736599593869e-01
-8.729345049873806772e-01
-1.011917232573632530e+00
-4.228321849685082734e-01
1.521531815472938476e-01
7.990989026305261866e-01
7.998781221304882560e-01
5.961297359475585811e-01
5.072057866157344552e-01
1.010007730220081612e+00
6.922107401987540598e-01
1.086561872161844633e+00
-6.720848787010311742e-01
8.100037002827806809e-01
9.923395716344081130e-01
9.423691965249851865e-01
-6.138470925130050659e-01
6.298043638053427706e-01
2.840799749050471057e-02
6.043297965294043284e-01
7.209081859018648952e-01
1.850343684047275339e-01
7.644179192842444071e-01
2.149025593678026702e-01
2.876759403427786577e-01
4.249222007317576821e-01
3.018888696701491625e-01
-4.234683269713223064e-01
-9.902821793015497143e-01
-9.609186862778118510e-01
1.038018290803483623e+00
8.169398351591226071e-01
4.455289082658693278e-01
-9.970951590814455257e-01
7.013158484689645533e-01
-9.441164026642114848e-01
-9.270122992016114338e-01
9.134490090107221238e-01
4.917828130848427293e-01
5.283704670238789092e-01
1.041912984169534262e+00
4.841935385979840856e-01
8.180116920584845630e-02
-7.904405490794594868e-01
6.705555550115840369e-01
9.986157818750900361e-01
1.005177226330180584e+00
5.406778492033972316e-01
-6.301972260774754142e-01
7.002995965473834961e-01
1.017859485169782197e+00
9.257731189498630275e-01
-7.028474305765053387e-01
3.573774075544000617e-02
-9.624731004547837365e-01
-9.571201216219143992e-01
-2.396991879171050943e-01
8.246826802464799488e-01
9.493343997665741885e-01
-9.049936307738348784e-02
7.628355409816889310e-01
7.569614186828388380e-01
8.004766829431160247e-01
-9.216617108981245421e-01
-9.168582534438731724e-01
-9.992319838177843305e-01
-1.011265585179664361e+00
-5.162508890854796695e-01
1.001709606694054955e+00
6.392485716997171608e-01
1.065378784608248974e+00
4.953200917192013275e-01
7.149594444798359483e-01
-6.171167836389754857e-01
4.628306959686199207e-01
-1.886983169151614792e-01
8.830822379326113136e-01
-7.371176411979282195e-01
5.483086162291750387e-01
-1.012905172099501261e+00
2.094914970204908578e-01
8.008146197807710642e-01
7.249868870865672221e-02
-5.146161576271597315e-01
8.408221513943776593e-01
-2.767277946836431690e-01
9.814178561988295968e-03
9.295262420298227024e-01
-9.130112230427882558e-01
-7.409985470282476339e-01
-9.695377076259302784e-01
-1.005199316204574700e+00
-3.720781107503248197e-01
1.109465731732024008e+00
9.791642180057789080e-01
3.380990216060095754e-01
8.092078752510785122e-01
-3.265675705896761150e-01
6.974427544812438207e-01
9.937500466838882218e-01
-1.075338163587512552e-01
-5.428216559879550651e-01
7.323438613162522870e-01
-8.409095818038283543e-01
-3.764300432045940559e-01
8.420374998736588346e-01
-8.737637992957871802e-01
-6.461603057238562986e-01
-9.074856796203724096e-01
1.956673719268529066e-01
-5.971888438591106407e-01
4.354371458257304539e-01
8.729908389206859631e-01
1.021549838102327801e+00
-4.295019426582066258e-01
-7.465930212963571844e-01
4.590001187199044264e-01
-2.860397605349904726e-01
8.924500503056738143e-01
-8.295480740082469273e-01
8.233706601264048075e-01
5.932190429066126480e-01
1.250923916500128463e-01
-2.753767636610470193e-01
5.093830122821783046e-01
-8.560091597104270145e-01
1.100956182392722305e+00
5.573435523629333144e-01
-4.568378077947233828e-01
-3.332706983017551527e-01
3.207173533456071368e-01
-5.073977289272508795e-01
8.239028875030063315e-01
-6.471765161245014442e-01
6.506985812131649283e-01
8.627761806654541399e-01
5.164871206898424827e-01
6.514984208367493590e-01
3.320868064334074887e-01
4.849723417770577250e-01
-2.845502810816298300e-01
1.273918457499116919e-01
6.252457426233379856e-01
-4.010104926760431621e-01
6.701162190179996703e-01
-6.233238493831879667e-01
8.345226779541525808e-01
6.302207899005694003e-01
2.005079998884997661e-01
8.992988354895148362e-01
1.044674118476836000e+00
1.088524884731867814e+00
1.603135223808440646e-01
-3.739195047829407814e-01
2.072156381790541957e-01
7.001173821273452003e-01
9.721909314054086870e-01
-5.061289509808691855e-01
8.402066545404118791e-01
1.061456629565535881e+00
-8.528325281021125193e-01
7.925991904291878054e-01
4.246797209621542279e-01
4.927889251154478067e-01
9.785426272666970515e-01
9.572486126380523874e-01
3.097149777956189620e-01
2.838368042040773087e-01
-6.913922745373586309e-01
8.922530105490460439e-01
7.824949667541047926e-01
9.601852241939743404e-01
-9.894214357147245176e-01
9.119824753119984972e-01
5.734583943040958420e-01
4.985900502899154318e-03
-8.542781899201653539e-01
7.703750257715256122e-01
-5.816249774747537238e-01
-3.216579840747439967e-01
1.010104965298794344e+00
4.578411808296678487e-01
-4.851566194385379394e-01
-6.602981991509402349e-01
5.446240801318391611e-01
-6.742082918857881246e-01
6.459937068073653421e-01
8.274983434565277296e-01
6.409337949606712659e-01
-2.071026919806469024e-01
5.547271134445035390e-01
4.386591499932501748e-02
-7.004478746545033108e-01
1.036584046189398922e+00
-1.302236006322373685e-01
1.967703426115037235e-01
7.894592434151317395e-01
6.738349340015958866e-01
-4.299704539226012479e-02
-1.263497089210940949e-02
5.195195522097999508e-01
-4.617449007305652886e-01
8.160708782745127454e-01
1.047288238905428326e+00
4.057191542116751481e-01
6.757920291600494345e-01
-1.366905174912824705e-02
-8.588577152656423630e-01
-7.530055311518137895e-01
-8.706182951943659543e-01
4.628220989785816197e-01
-8.757632640982588867e-01
2.951319041301598833e-01
6.986144890597272283e-01
9.701606816809942302e-01
6.675919916373351803e-02
4.812337704361033808e-01
-8.726298260988814004e-01
9.629994422366863205e-01
6.356475140621380415e-01
2.837401383766138263e-01
-4.881623337715270683e-01
-3.460289393344355702e-01
-8.799513708162676195e-03
-9.193469243765084453e-01
-1.321688278133577032e-01
9.773453667148652713e-01
2.915896904453749716e-01
1.070993903772095024e+00
-3.843906114831086018e-01
-9.465984359441534934e-01
9.487071595230900378e-01
-2.993078617423159393e-01
-7.743543006016075925e-01
8.980256442861667132e-01
1.099585854720444011e+00
9.793183155449931565e-01
2.090769210528846678e-01
2.474872605355904476e-02
9.295517187581632257e-01
-3.725446128347683628e-01
1.089701529191615670e+00
8.505514884939346931e-01
7.860025134316905859e-01
-1.270874651725623083e-01
4.399525080061976734e-01
5.375606831633643612e-01
1.031279327823287240e+00
5.515709319806698652e-01
-2.326496195489945462e-01
5.842524894748593045e-01
4.426189325643967720e-01
8.456423797337273562e-01
2.953801252449694825e-01
4.292065532740620970e-01
-9.065612449481652568e-02
-1.969118535311203955e-01
1.588719953039525734e-01
8.030365068705411780e-01
7.600088087586838181e-01
1.046126990771972132e+00
-2.146412734482487927e-01
-7.325129346229474203e-01
1.100095597211272924e+00
-9.604375399392671708e-01
9.926193020593276906e-01
4.597289297510351869e-01
-8.792875106404725027e-01
9.214479944437770076e-01
4.063156596006156640e-01
9.277068996425072989e-01
-6.728560396825811196e-02
-1.374286624601080975e-01
8.835776546851219493e-01
-1.566283851357380685e-01
-7.766126295732722618e-01
1.232096503458124381e-01
8.408503728864311633e-01
-8.722739706459774478e-01
1.065015559321349059e+00
8.750420292684981671e-01
8.312820293611065114e-01
8.295722376235143969e-01
3.250617597858644903e-01
9.582240793534777534e-01
3.556747837216582830e-01
5.565423740881747516e-01
-9.516784613541839910e-02
3.252442580137993033e-02
6.347183379102900869e-01
-3.526300365743040288e-02
-4.440516109381268395e-01
9.821798755735922093e-01
5.817832573093315585e-01
1.953528906165769019e-01
-1.214023602776226340e-02
-6.049438396715102195e-01
-7.048420959819303722e-01
8.529663886452847343e-01
6.483448191981613373e-01
6.119063008479526111e-01
8.878662514562805086e-01
3.942188587288526502e-01
2.704395955153269249e-01
-5.618060080157993852e-01
2.922747058222061600e-01
-7.645188155603452884e-01
-8.221458675481851941e-01
-8.258998777488668619e-02
-3.878606783743888675e-01
1.876779138328781293e-01
6.074825095792737439e-01
-4.341324110705470085e-01
-5.723298733213033618e-01
7.659391193296836153e-01
-4.768123682636080662e-01
9.166326210852233647e-01
2.728527964965663521e-01
-1.597062728331586356e-01
2.731820533730575651e-01
9.649016091729838429e-01
-2.590883185012121670e-01
8.482644280550646343e-01
2.911630353668348548e-01
9.012823044263489347e-01
7.132385747279657018e-01
-5.164792803527300524e-01
8.377753078370202555e-01
4.416696761306431185e-01
7.266786150547261958e-01
1.091618332127771929e+00
5.684095944804783418e-01
-1.252722471275206084e-01
8.103626817297042706e-01
2.205045511965080252e-01
2.292216147125525350e-01
-7.734994960883083692e-01
1.082815156102794329e+00
-7.347641700419258459e-01
5.568378849583943691e-02
3.773447698209426715e-01
7.581902161654310301e-01
-8.828684734747311857e-01
1.066246389040484299e+00
4.242293592253003620e-01
3.202407750561000466e-01
-7.581296701186829301e-01
-7.133232350533786903e-01
-1.206393745928678873e-01
7.949033825183966506e-01
5.372373007868926909e-01
-5.195644226627913476e-01
-1.096357954338170737e-01
-8.946264065902493900e-01
-3.104707846614319644e-01
5.107218272391724767e-01
6.691861922493806958e-01
5.072841775759853178e-01
1.662306588747466396e-01
5.406357776089263378e-01
-3.441104859613250966e-01
5.743616254540293564e-01
-1.009186818814040043e+00
5.947902485598395295e-01
4.385891775462453790e-01
8.984996147761097340e-01
9.804330610005123070e-01
-2.262068474226198722e-01
-9.147358395274203247e-01
1.090372881499336533e+00
3.976679253215433807e-01
-3.669631721135644398e-01
6.490536441477947616e-01
-4.822785816500518852e-01
-4.149634052851752797e-01
-1.363566702813097109e-01
7.973192538979270161e-01
-8.651520972997528425e-01
3.525676687973851031e-01
-1.503264497586707105e-01
-3.436392495747775389e-01
5.460188863601880271e-01
7.781972579263931600e-01
-9.929115512369119934e-01
9.585782976562844393e-01
1.052197756278094420e+00
5.852231049084100079e-02
-8.503370601697243236e-01
-2.200013207135071980e-01
1.014599290223764605e+00
5.471294501310060010e-01
5.954239644440830759e-01
-4.794349339523776843e-01
-3.945095032749795783e-01
5.408531836963210715e-01
8.706732240859629268e-01
1.002617385860846699e-01
-8.166854628068336286e-01
-9.924829989756922544e-01
-6.488686782871104786e-01
8.989914778656946659e-01
1.079670311983031983e-01
8.326477865025569969e-01
-1.257228120380070591e-01
-9.032443464489443574e-01
7.617460078506663734e-01
1.403573664853856595e-01
2.791540062805764055e-01
-3.946344199417435306e-01
-9.283981268110761409e-01
7.916350150482049930e-01
6.557362322782267494e-01
4.536669669962591911e-01
-4.303912790296742230e-01
1.108364384617974707e+00
1.073780095529036860e+00
-4.662278265134792710e-01
-4.746925724550478121e-01
-6.627763326246587372e-01
1.154856456628892136e-01
-4.926263266658112983e-01
-7.188209584977006683e-01
1.045965308473446154e+00
3.763380074836601974e-01
6.203352788168923215e-01
3.681117387599599500e-01
7.688252398946664457e-01
5.048513897296948993e-01
3.411757457993125353e-01
-1.944910477143646510e-01
-5.783025536592143467e-01
2.019209183509467209e-01
-7.539117569472554292e-01
-5.097100019070773813e-01
-3.122502193056440056e-01
-2.100221412667849785e-01
5.447434766740810730e-01
9.909026977662884761e-01
-9.383153143038102106e-01
-9.879172608776546349e-01
2.236697420993063457e-01
5.767671145988604309e-01
6.556084235936232574e-02
9.835640727596524080e-01
-9.760496778084939429e-01
9.075226591148828348e-01
-2.833873890494543746e-01
-8.682262039261355868e-01
1.070729346462719445e+00
6.820382081957268028e-01
-8.489234774614541346e-01
-3.865083959983341977e-01
5.528739532073638774e-01
4.067838768171050390e-01
-2.700751557456912977e-01
6.617056892030659387e-01
9.547128052029723033e-01
1.388167826188846377e-01
-7.278262151849845818e-01
1.095284908719451611e+00
9.378396346751605162e-01
-1.607512846505952941e-01
1.081959954445386618e+00
-7.951517865077559755e-01
5.510235931746445548e-01
7.564793787308188300e-01
9.336188222283952065e-01
6.135736637952342587e-01
1.881764543040864712e-01
-8.418659505122682019e-01
9.442128047892028864e-01
1.489667586406915323e-01
1.093321435786998030e-01
-9.784933239364014268e-01
6.587539993343689559e-01
-2.854569918455732713e-01
1.043803222647657236e+00
5.983470010964542229e-01
1.017798990427551065e+00
1.050883438228457756e+00
-4.911786616163626995e-01
9.781662344117938446e-01
6.101399750591560700e-01
1.015199310940965383e+00
1.006721544431533388e+00
-9.915932042614716835e-02
7.729888756703116037e-01
2.574819954398728239e-01
-2.943435974710779668e-01
9.253492081583878370e-01
8.853887033564120657e-01
2.400335588522348740e-01
-3.093604906403579768e-02
9.225835774059969463e-01
5.269262444240951915e-02
8.266109452181424899e-01
-3.193050907015504425e-01
-1.626085197758486700e-02
3.037862173167504842e-01
8.210196286434077173e-01
8.282243064084842121e-01
4.856054547617381090e-01
-9.865203615206724619e-01
6.331038519447707014e-01
-4.866680018628701809e-01
2.113759440353897290e-01
8.641090170117433633e-01
-1.375892056071709169e-01
-2.654821598421505113e-01
8.206568065260517741e-01
1.356005414780940832e-01
-9.400932710641590750e-01
7.671881376720108836e-01
8.243360227867082557e-01
-8.656017405254028407e-01
3.657072422805023315e-01
8.481393625278512705e-01
-7.506827324233600329e-02
1.022598427115483322e+00
1.895466463430075521e-01
8.106004065135019587e-01
3.767803770865030266e-02
3.237553080857402676e-02
9.499702043902344961e-01
4.716139672470336386e-01
1.289609869128796049e-01
8.146089703833392370e-02
7.144354350500323747e-01
5.552892369831496922e-02
-8.196373071638574093e-02
-5.170708291936547685e-01
3.043030934234109974e-01
-8.712776459234947701e-01
6.086250558503025765e-01
-9.646172459799635668e-01
1.082077967362227167e+00
1.030985778311531043e+00
9.348621670163652642e-01
3.765034739653152496e-01
8.822439929676426651e-01
3.934743558068138913e-01
5.043164068249998966e-01
5.073677519373938072e-01
9.850404439867186390e-01
4.133820024358314527e-01
8.816728241996489857e-01
-9.124712874597811219e-01
