1.844980374213872398e+00 3.893017024765764944e+00
-3.258886744356069620e+00 -2.433243676309616355e+00
9.088079974986729148e-01 -8.612828316500094061e-01
1.691866401262560604e+00 1.184108582451147473e+00
-1.015231634238489278e-02 -3.955344139236265377e-01
-1.871382810390235907e+00 -4.487048453336028864e-01
-2.053172519634556714e+00 8.008154535913569738e-01
1.771608842952919094e+00 8.934004936985795453e-02
-2.050046311374759078e+00 -3.422700837133977192e+00
-3.299289263616730139e+00 6.870648831509016397e-01
1.260446764901021144e+00 2.075517738462675954e+00
3.083074754125568528e+00 1.472006362767119825e-01
-3.373151788970181642e+00 2.778812389498944047e+00
-8.290739102328092969e-01 -1.929194594877891955e+00
2.925822539234371700e+00 -1.984876424957829943e+00
4.651772544398389719e-01 -4.355239614873817278e+00
1.507936158536236970e+00 -2.624906339327861549e+00
-1.415242736439694449e+00 2.235033018892201628e+00
2.840864033088015272e+00 -3.081105028153101610e+00
0.459115327104295812e+00 3.987526085174688184e+00
