2.980000000000000000e+02
3.180000000000000000e+02
2.980000000000000000e+02
3.100000000000000000e+02
2.820000000000000000e+02
2.880000000000000000e+02
6.000000000000000000e+02
2.640000000000000000e+02
2.920000000000000000e+02
6.000000000000000000e+02
2.820000000000000000e+02
6.000000000000000000e+02
6.000000000000000000e+02
2.160000000000000000e+02
2.820000000000000000e+02
3.040000000000000000e+02
2.700000000000000000e+02
2.740000000000000000e+02
6.000000000000000000e+02
2.480000000000000000e+02
3.100000000000000000e+02
2.820000000000000000e+02
3.200000000000000000e+02
2.640000000000000000e+02
6.000000000000000000e+02
3.180000000000000000e+02
3.180000000000000000e+02
2.860000000000000000e+02
3.140000000000000000e+02
3.180000000000000000e+02
3.600000000000000000e+02
2.620000000000000000e+02
3.280000000000000000e+02
6.000000000000000000e+02
2.940000000000000000e+02
2.420000000000000000e+02
2.340000000000000000e+02
6.000000000000000000e+02
3.080000000000000000e+02
2.460000000000000000e+02
2.460000000000000000e+02
3.220000000000000000e+02
2.720000000000000000e+02
3.020000000000000000e+02
2.480000000000000000e+02
3.280000000000000000e+02
3.140000000000000000e+02
6.000000000000000000e+02
6.000000000000000000e+02
2.260000000000000000e+02
