# The first column are the values in azimuth angle and the second column is the zenith angle.
# 
1.128 1.995
1.426 1.199
2.901 0.807
2.925 2.571
0.607 2.629
3.972 0.773
0.649 2.076
4.592 1.893
4.462 1.313
1.173 1.827
0.693 0.585
1.644 1.630
2.612 2.155
5.741 1.439
2.501 1.774
1.410 2.736
5.206 1.109
3.895 2.295
0.651 1.193
1.226 0.340
3.250 2.519
3.722 0.352
2.169 2.717
4.602 0.901
4.176 1.223
4.926 1.481
4.718 1.432
6.157 1.928
5.580 2.316
4.009 1.054
0.507 0.942
1.979 2.594
5.105 2.268
3.208 1.941
1.963 1.695
5.197 2.442
3.074 1.603
0.832 1.038
1.011 1.273
4.418 1.250
1.412 2.185
0.621 1.555
0.109 2.530
3.240 1.278
4.398 0.540
6.151 1.543
5.088 2.762
1.852 0.129
0.977 1.549
0.900 3.097
4.102 1.274
5.050 0.926
5.394 1.581
5.036 1.325
5.978 0.985
4.014 1.468
2.506 0.962
2.232 0.883
0.075 2.351
6.186 1.541
3.854 0.617
1.917 1.010
2.870 0.712
0.455 0.706
3.278 1.430
5.046 1.884
2.343 2.503
0.083 1.558
2.158 2.261
2.021 0.793
4.988 0.341
2.143 2.098
1.894 0.673
2.224 2.607
5.916 2.868
4.476 0.423
3.246 0.904
1.212 1.940
5.475 1.386
3.032 0.655
3.796 1.015
2.389 2.530
4.791 0.665
0.281 0.594
5.344 0.937
4.910 2.073
2.497 2.639
2.832 1.726
0.358 2.151
0.785 2.484
3.450 1.464
4.083 1.639
2.668 2.154
2.356 1.747
4.233 1.196
0.958 2.618
4.718 0.923
4.694 2.835
2.994 1.354
1.723 0.486
0.905 1.392
0.594 1.700
1.300 1.159
3.285 2.116
3.479 0.479
3.536 2.635
0.578 1.716
1.794 1.350
3.343 0.077
0.371 2.742
3.827 2.414
0.852 1.160
1.603 2.701
1.653 1.408
1.569 2.873
1.160 1.779
2.121 1.969
1.166 0.999
1.979 1.352
2.004 1.995
2.085 2.116
1.773 2.640
0.787 2.317
1.757 2.084
1.967 0.981
1.776 1.680
1.568 0.958
1.397 1.335
1.786 2.278
1.319 1.127
0.876 1.904
1.493 2.025
1.821 2.034
0.773 3.062
1.775 1.241
1.733 0.962
1.625 1.382
0.895 2.351
0.922 2.173
